IoU: 0.31572430
Cor: 0.25452079
