IoU: 0.36161193
Cor: 0.29683638
