IoU: 0.31520240
Cor: 0.34714681
