IoU: 0.17879992
Cor: 0.13145137
