IoU: 0.54427597
Cor: 0.51595600
