IoU: 0.21732811
Cor: 0.34173074
