IoU: 0.19034541
Cor: 0.23709393
