IoU: 0.26866720
Cor: 0.27485469
