IoU: 0.42394640
Cor: 0.42095741
