IoU: 0.26718989
Cor: 0.31191085
