IoU: 0.24109337
Cor: 0.30851534
