IoU: 0.50043128
Cor: 0.50876410
