IoU: 0.43886693
Cor: 0.38433519
