IoU: 0.39035888
Cor: 0.41521479
