IoU: 0.41161367
Cor: 0.14165040
