IoU: 0.54160585
Cor: 0.19187294
