IoU: 0.35063858
Cor: 0.31835624
