IoU: 0.37572016
Cor: 0.35210450
