IoU: 0.35793433
Cor: 0.37040243
