IoU: 0.20505588
Cor: 0.18168025
