IoU: 0.26125579
Cor: 0.33771007
