IoU: 0.52784646
Cor: 0.50904043
