IoU: 0.16831497
Cor: 0.17957764
