IoU: 0.31988884
Cor: 0.33018018
