IoU: 0.44345418
Cor: 0.44611399
