IoU: 0.40353611
Cor: 0.39766998
