IoU: 0.24905164
Cor: 0.29779530
