IoU: 0.48919567
Cor: 0.49687166
