IoU: 0.14102564
Cor: 0.04324744
