IoU: 0.48734785
Cor: 0.41180685
