IoU: 0.38963041
Cor: 0.43470521
