IoU: 0.41744814
Cor: 0.06453558
