IoU: 0.54195819
Cor: 0.19535434
