IoU: 0.32414220
Cor: 0.25137166
