IoU: 0.39814185
Cor: 0.38066516
