IoU: 0.30202460
Cor: 0.29187207
