IoU: 0.18332376
Cor: 0.15343158
