IoU: 0.19251212
Cor: 0.35667354
