IoU: 0.54407764
Cor: 0.51702035
