IoU: 0.17841587
Cor: 0.19229228
