IoU: 0.26932088
Cor: 0.29236765
