IoU: 0.44891031
Cor: 0.44181033
