IoU: 0.45927537
Cor: 0.41186763
