IoU: 0.21447455
Cor: 0.22862655
