IoU: 0.50778918
Cor: 0.50330989
