IoU: 0.01648352
Cor: -0.13180169
