IoU: 0.42531511
Cor: 0.37797080
