IoU: 0.39337499
Cor: 0.43219429
