IoU: 0.41835396
Cor: 0.05473118
