IoU: 0.54661627
Cor: 0.20308751
