IoU: 0.33728383
Cor: 0.23837392
