IoU: 0.44436509
Cor: 0.41627376
