IoU: 0.36102516
Cor: 0.38432365
