IoU: 0.25843243
Cor: 0.19300997
