IoU: 0.27931391
Cor: 0.42901084
