IoU: 0.52357698
Cor: 0.51842795
