IoU: 0.16296744
Cor: 0.15142365
