IoU: 0.27420179
Cor: 0.32332107
