IoU: 0.46648911
Cor: 0.47915904
