IoU: 0.37181351
Cor: 0.33905616
