IoU: 0.23923545
Cor: 0.27543975
