IoU: 0.52311323
Cor: 0.50885405
