IoU: 0.63095238
Cor: 0.44506064
