IoU: 0.48372130
Cor: 0.40565501
