IoU: 0.39546714
Cor: 0.43899668
