IoU: 0.44452822
Cor: 0.06334070
