IoU: 0.54562061
Cor: 0.19839977
