IoU: 0.34938790
Cor: 0.29310522
