IoU: 0.37181575
Cor: 0.33185994
