IoU: 0.34065404
Cor: 0.28826919
