IoU: 0.23211347
Cor: 0.16262194
