IoU: 0.29065053
Cor: 0.41202158
