IoU: 0.54154140
Cor: 0.50722799
