IoU: 0.24401497
Cor: 0.24917060
