IoU: 0.35515434
Cor: 0.39271963
