IoU: 0.44018435
Cor: 0.44816423
