IoU: 0.47474702
Cor: 0.42104259
