IoU: 0.24310795
Cor: 0.27573799
