IoU: 0.48943188
Cor: 0.49293186
