IoU: 0.02409639
Cor: -0.13739247
