IoU: 0.41970070
Cor: 0.39871048
