IoU: 0.39265401
Cor: 0.42520990
