IoU: 0.36703037
Cor: 0.14611635
