IoU: 0.53999360
Cor: 0.19237746
