IoU: 0.31679777
Cor: 0.25083027
