IoU: 0.46411591
Cor: 0.46282103
