IoU: 0.35884959
Cor: 0.35847825
