IoU: 0.23707919
Cor: 0.22978899
