IoU: 0.53853071
Cor: 0.53432549
