IoU: 0.18983429
Cor: 0.38690020
