IoU: 0.16313246
Cor: 0.17952446
