IoU: 0.27933952
Cor: 0.29663675
