IoU: 0.47209606
Cor: 0.49368534
