IoU: 0.42917164
Cor: 0.39561562
