IoU: 0.23765196
Cor: 0.28270146
