IoU: 0.50489418
Cor: 0.50884809
