IoU: 0.74000000
Cor: 0.54727582
