IoU: 0.44788160
Cor: 0.36258004
