IoU: 0.39624538
Cor: 0.43279971
