IoU: 0.43984167
Cor: 0.05110236
