IoU: 0.54551291
Cor: 0.21276616
